1785 8.436808977376147
1788 4.162160209384438
1780 4.155689530267881
1787 3.5455459286831896
1775 3.3829296782942304
1781 2.9524041465127455
1759 2.808507342187573
1758 2.618115420946312
1724 2.5417328524829603
1739 2.523918643270319
1760 2.4657633838813755
1786 2.416681081970733
1748 2.035542347875216
1774 1.9989232728304511
1754 1.9232364193866154
1769 1.8593950882774966
1764 1.8102224795295818
1725 1.8055183579373306
1745 1.8038611740554504
1773 1.7932166067071194
1770 1.7292044690087316
1706 1.7175189348965105
1783 1.6746543891705188
1782 1.6647747182449821
1738 1.602211771352417
1685 1.5993137646581785
1778 1.5887535031352051
1736 1.5807452171536749
1757 1.573421032041539
1776 1.5543968356317635
1733 1.5384287944837336
1681 1.5351363500881146
1746 1.530451566376204
1637 1.4698252170758312
1784 1.4581231012211404
1749 1.4076981979079886
1709 1.3746083363869719
1761 1.37422056963044
1707 1.36213354122747
1744 1.3599776382153492
1755 1.3577395315380976
1732 1.3566299824490837
1698 1.3543712821446654
1762 1.3301725171995606
1729 1.3278328326661732
1771 1.3270599767458489
1772 1.2943425224855862
1768 1.2525454000768033
1711 1.247713571315698
1625 1.2395025789057037
1712 1.2188508225126355
1664 1.2101555495569958
1742 1.1909784595487123
1645 1.180166682272688
1639 1.1779738302549085
1656 1.1646210917633564
1700 1.1635994788884432
1766 1.1502776306726599
1626 1.1446608371345754
1687 1.1356261383921318
1642 1.1232018340340382
1737 1.019472456146131
1708 1.0105395001527295
1640 1.0060845594205734
1713 0.9942207755124284
1765 0.964110863201415
1638 0.9595413850679559
1682 0.942152381262293
1629 0.9308337345929569
1718 0.9270514343479537
1720 0.9116885734362175
1671 0.9054224075989801
1763 0.9045665628917536
1680 0.9006829686334408
1690 0.8711564666031211
1630 0.8523477730060876
1624 0.8454888695126037
1644 0.8430822173836425
1636 0.8353681354391487
1674 0.814002873033461
1719 0.8102214773007681
1662 0.8098149139258597
1753 0.8046483751450513
1657 0.7974560709886331
1673 0.7709442808874858
1701 0.7676647708226394
1667 0.7617428513086182
1672 0.7584623444314369
1750 0.7467041454161478
1654 0.7350729849785083
1693 0.7317091967012548
1633 0.7221350739418324
1653 0.722066030094612
1704 0.7149955252412443
1777 0.6953153772479235
1721 0.6870423758083923
1684 0.6660397278462451
1731 0.6593691085650306
1613 0.6495542526208364
1716 0.6492166132201325
1728 0.6478466561500387
1756 0.6461985803096009
1658 0.6459928004383624
1678 0.6442609276218523
1779 0.6414956447969828
1655 0.6395589229080785
1699 0.6335381303988461
1726 0.5984595503203094
1714 0.5864407681188379
1661 0.5849926132872514
1647 0.5843621903851761
1570 0.5734021944846184
1504 0.55469165735082
1743 0.553194761974817
1635 0.5392449615797315
1679 0.5355739071714556
1691 0.5272014799959881
1471 0.5268727875791068
1493 0.5253690359539629
1703 0.5223046124326931
1478 0.5054489880398263
1696 0.5027203875614781
1521 0.5011543865274461
1494 0.49887848079209274
1498 0.4944011367971992
1734 0.4893692155752203
1643 0.4839237065135098
1767 0.48378479187445045
1551 0.4771314848414159
1601 0.4745319348821644
1676 0.4679229666286293
1519 0.4662840332358842
1631 0.46229616625132275
1510 0.4599871419470256
1583 0.4579149771329174
1727 0.45663075778136
1492 0.4548590545979492
1509 0.45150016233656665
1616 0.4513220197423422
1663 0.4510829993708878
1530 0.45047201190386676
1611 0.45021040143767
1578 0.4471317987996315
1523 0.4435281516874481
1562 0.4403580630427646
1615 0.4384648724581499
1520 0.4335625334291002
1552 0.43107596754933386
1468 0.4299441777229971
1683 0.429345912493194
1514 0.4251132505142303
1659 0.4180449660927601
1650 0.41749230078358757
1475 0.4155656521973876
1670 0.41380014410563337
1489 0.4059973221064501
1558 0.4000843754183201
1590 0.3985832227509363
1593 0.3960860106401176
1669 0.3852401916477852
1512 0.38286599072800165
1569 0.379512756585628
1623 0.37897833204079756
1557 0.37262630065187974
1686 0.3652533643319309
1692 0.36413201341732027
1572 0.3637137857095807
1524 0.3562373337113236
1490 0.3553522919342056
1607 0.35419363828937556
1717 0.35175607318224333
1595 0.35128781987645485
1536 0.3512523841991877
1555 0.34979468498367616
1621 0.34573581965065703
1491 0.3424348635348613
1723 0.337613861249789
1600 0.3366270602769692
1689 0.3357346368127452
1511 0.33465331642272655
1603 0.3333891917077567
1528 0.32845662108640017
1592 0.3275362557397008
1529 0.3273190505477741
1571 0.32355648223729094
1500 0.32283790188361383
1582 0.32196737615401627
1605 0.3215301053307096
1579 0.32126347948628986
1597 0.3153034540539901
1584 0.31398274622709277
1576 0.3137359377547577
1564 0.3103879506965468
1581 0.3081289565200178
1589 0.2990188075387712
1565 0.2950321661879318
1535 0.2919951829792522
1606 0.29153377676641856
1472 0.29014930174420606
1470 0.2845213689612516
1506 0.28157291344255597
1488 0.28120532934831655
1497 0.27923929717825313
1501 0.27859526540249746
1474 0.2777785517472937
1481 0.2764176166113872
1602 0.2758556928601079
1486 0.27346417331603856
1526 0.27345938639052303
1610 0.2734522891799447
1617 0.2716572608927805
1574 0.26992522621191295
1566 0.2689314589001963
1508 0.26088751163299584
1503 0.2605949716394669
1544 0.2593463204592128
1518 0.25408917566888967
1747 0.25174341149179646
1573 0.25137449831032566
1482 0.2482879128624571
1596 0.24733195136445651
1538 0.24563317403162532
1522 0.24010461392342375
1694 0.2393035503776444
1539 0.23665327188328877
1532 0.23590829968571558
1622 0.23527806467647316
1534 0.2313988249928829
1556 0.22910154585316178
1483 0.22878979706128
1484 0.22635934743051767
1577 0.22323483358543594
1722 0.2223554156608376
1628 0.21569738977151598
1479 0.21296847688079623
1326 0.21274954711721739
1660 0.2115542849190275
1473 0.20764393767262312
1612 0.20708563511337807
1641 0.20674306262005082
1554 0.20137288261062647
1740 0.1988595696306925
1547 0.1987693509504691
1604 0.1985321727025786
242 0.19581299082966908
1469 0.19250774827257722
241 0.19049106948404848
1533 0.18977896561584018
1549 0.18425158083926352
1695 0.18288817508109467
1480 0.1813545006470232
1618 0.18024242444402683
1568 0.17809774858990668
1369 0.17636286077719188
1585 0.17517084906898361
1730 0.17488110475457574
1675 0.1724795389394207
1543 0.17102705681511665
1591 0.16970667960333508
1084 0.16959207488434913
897 0.16688985627612496
1609 0.16639017261562739
1537 0.16494100657524235
1741 0.16474325711212767
1710 0.16266546409389626
1291 0.16217009758936918
1112 0.16000484277317994
1499 0.1565681789978477
1323 0.15330547191157784
1587 0.1530293306931938
1614 0.1515390355627373
1517 0.15142488923589514
1253 0.15060827763549156
1553 0.14995679633170766
1487 0.14889774977619652
1540 0.1487307546145944
1735 0.14595942938151119
1516 0.14578665998750218
516 0.1442154086811538
1586 0.14336146740788447
1588 0.14250618538408144
1052 0.14103738032827984
1619 0.13541750172803368
179 0.13435355735885945
515 0.133475493040899
1450 0.13307603921112587
934 0.1325785616999262
156 0.13175564840841503
854 0.13169262400507264
1561 0.13093338982763747
529 0.1307824934808881
1464 0.130002938124393
1496 0.1290763621598554
1599 0.12704068725464346
706 0.12703500064025297
185 0.12672177951511543
1545 0.12670621452320674
1202 0.12637739656393832
165 0.12411843770523667
1620 0.12407814944262174
1116 0.12178401676566164
1229 0.12176800967615797
499 0.12106538405597611
784 0.1196897628145841
1094 0.1181539992110956
569 0.11647021933338975
1752 0.11604615932052376
363 0.11550216354522291
215 0.1146171753249643
1665 0.11453450084263128
1677 0.11279710809863808
773 0.11033701523599504
1513 0.11002344441389855
731 0.10949726817477767
833 0.10848437711998749
65 0.10817525951352236
1485 0.10740930723355735
909 0.10734022512472619
1505 0.10643270729881937
906 0.10629491129333957
219 0.10544594122867501
571 0.10528901634991206
704 0.1050368716182346
1668 0.10463896978413523
1559 0.10438640192757109
785 0.1016667903631987
83 0.10091672337257762
601 0.10056206231516995
1608 0.1004124349797868
1419 0.09815605879715994
164 0.0980963129438841
918 0.09691403419924072
216 0.09657955943841712
240 0.09536078891276212
1350 0.09455799666871023
23 0.09381976044820206
1268 0.09289234917458522
1178 0.0928057506925768
473 0.09243834193296108
1546 0.08923441596230841
1649 0.08923222287325938
827 0.08891458555059195
997 0.08699384281537981
1361 0.08676249014581527
1702 0.08613300289321035
1401 0.08611744073622773
1632 0.0849258938972488
1069 0.08349391597488065
892 0.0833910081606355
1452 0.08293733817553495
282 0.08256690515081466
1232 0.08174252931887871
428 0.08083136907783262
1476 0.07892033625957051
71 0.07891919284167148
1343 0.0782372965482594
848 0.0780558574388941
133 0.07778920130573219
1264 0.07740039967950985
123 0.07654976273710501
630 0.07551665845647682
1145 0.07546745959355228
1147 0.07405397128325575
478 0.07400683540115338
381 0.07335711694426328
1458 0.07299931428541306
385 0.07263860825864032
222 0.07232619473240787
1044 0.0721610150255998
350 0.07207745480506622
78 0.07107497132007445
1236 0.0704789377073558
1646 0.07037173633507621
1548 0.06918928239574651
820 0.0687842865688566
1206 0.06827709015466255
1542 0.06758396588922011
111 0.06724854102982825
1705 0.06716068282248777
1192 0.06607881689839346
1697 0.0649771829618846
1477 0.06483842299157594
1651 0.064643993002516
14 0.06406501907729911
1751 0.06352560790197082
707 0.06265084885172989
1222 0.06169379767627792
762 0.06137525537024757
1019 0.061109385094818336
566 0.060888526916190955
1627 0.06070136673689497
1550 0.05935853779779343
1286 0.05916720713228152
342 0.05768663535024565
1560 0.057539484711623956
733 0.05743061479306277
64 0.05688568581582398
417 0.05632677995669688
21 0.05607428398656378
734 0.0558218033512885
798 0.05532415940530555
410 0.05171717801499476
121 0.05134077166983442
262 0.05127927078310268
1023 0.050852548785217166
686 0.04960008457073606
1442 0.0488960782706922
1303 0.0471014210582581
1451 0.04699257628701581
1648 0.04641835548031281
895 0.04632986077710255
725 0.04591979803333324
969 0.045725667924786606
1185 0.04569148464261019
1387 0.04425139533412947
640 0.04312593407182019
346 0.042403819769903706
1466 0.04214877048369203
623 0.0421295749856041
543 0.04127130978147342
1050 0.041051964442932576
790 0.04001098624920196
1541 0.039681320415185795
879 0.03947209260997919
1128 0.03942495674890978
1598 0.03925123135912578
573 0.039178943760187934
650 0.038641859626228126
1688 0.0385805076312451
235 0.03830456956014672
1110 0.038274544691773826
159 0.03823712583072947
572 0.03809430704091188
1348 0.03747983601573068
108 0.03726256129343675
914 0.03723935895577135
32 0.03702549246909825
591 0.03629987159075698
673 0.03608837872842763
91 0.035702480524603786
1666 0.035593255470827145
986 0.03488618066024074
115 0.03456559611333532
1507 0.03392606468261583
980 0.03349622359740945
877 0.03318695268877647
874 0.03312885732405846
1279 0.03298433888906693
1580 0.032723964856955945
1594 0.032722637374590136
1652 0.03266356884216037
1409 0.03240156183051468
617 0.031605997252242446
1634 0.0316044561737403
1515 0.03159764714621538
1502 0.0313592465472361
1414 0.031160289000887076
458 0.031089265549168132
146 0.030927747586591003
488 0.03075136227071873
1525 0.03075062141237339
1575 0.030324003277517164
1531 0.03009642085920916
348 0.030072610749604323
1527 0.030023660553929687
1446 0.030023660504422622
979 0.03002366050227323
604 0.03002366049896743
1567 0.030023660495054116
624 0.030023660493464277
1495 0.030023660493426974
1563 0.030023660491977466
161 0.030023660485603898
172 0.030023660485298365
486 0.030023660485010595
594 0.030023660483985637
160 0.030023660478763148
783 0.030023660477535685
1367 0.030023660475396063
1715 0.03002366047245353
1058 0.030023660471943714
1335 0.030023660469471025
1100 0.03002366046597338
1426 0.030023660459709944
1188 0.030023660458065038
422 0.030023660454883583
1281 0.03002366045468552
25 0.03002366045320315
777 0.030023660453109002
1465 0.030023660451918843
395 0.03002366045013538
809 0.03002366044663063
951 0.030023660446145684
852 0.03002366044589877
136 0.03002366044384086
816 0.030023660441440114
245 0.030023660440587463
970 0.030023660440429367
1398 0.030023660440225086
1294 0.03002366043877025
92 0.03002366043859972
697 0.03002366043355842
105 0.03002366043325999
1371 0.03002366043281235
347 0.030023660431613308
616 0.030023660430014587
815 0.030023660428968313
325 0.030023660424159715
1261 0.030023660420233966
1385 0.03002366041729143
780 0.03002366041710758
1295 0.03002366041443416
1131 0.03002366041259208
1006 0.030023660412583197
1040 0.030023660412407338
642 0.030023660411430342
958 0.030023660410154918
1339 0.03002366040936444
1042 0.030023660408742714
298 0.030023660408146746
1171 0.030023660405730013
137 0.03002366040552218
799 0.030023660404168595
600 0.030023660403109886
1340 0.03002366040251303
1352 0.030023660401457875
1173 0.030023660401441887
884 0.030023660399683294
1380 0.03002366039750548
552 0.030023660397114682
1048 0.030023660394475016
88 0.03002366039360549
3 0.030023660393501572
950 0.030023660390732232
1376 0.03002366038899318
1443 0.030023660388737383
929 0.03002366038814941
29 0.030023660386909512
1066 0.030023660386412132
1150 0.030023660385309014
376 0.03002366038379556
1086 0.03002366038319515
550 0.030023660381296224
273 0.03002366038107951
1440 0.03002366038060167
1012 0.03002366038030324
1220 0.03002366038017179
1214 0.030023660379361772
151 0.030023660379141504
1113 0.030023660377862527
204 0.030023660376171435
629 0.030023660375997352
832 0.03002366037560833
352 0.030023660375059436
1447 0.030023660371817584
141 0.030023660369341343
51 0.030023660369321803
162 0.030023660367165306
837 0.030023660367033855
949 0.030023660366996552
770 0.030023660366980565
722 0.03002366036637305
896 0.03002366036628601
1250 0.030023660365989358
1175 0.030023660364006943
362 0.0300236603625752
357 0.03002366036132642
1181 0.030023660360100735
764 0.03002366035945414
305 0.030023660358482473
1246 0.03002366035703119
1293 0.030023660356341964
805 0.030023660356222948
1263 0.03002366035484716
921 0.030023660354420834
912 0.030023660352982873
1135 0.03002366035273063
349 0.030023660352581416
1378 0.030023660352471282
502 0.03002366035169146
106 0.030023660350710912
58 0.03002366035045867
143 0.03002366034971793
825 0.030023660348978964
420 0.030023660348570402
708 0.030023660347847425
696 0.03002366034775683
1321 0.030023660346857994
96 0.03002366034634285
81 0.030023660345579017
1037 0.030023660345561254
1121 0.030023660344198788
409 0.030023660343921676
1123 0.030023660343147185
1259 0.03002366034234072
1273 0.030023660341003122
768 0.030023660339447034
368 0.03002366033693349
861 0.030023660336251368
433 0.030023660331846003
1074 0.030023660331659485
56 0.030023660330840585
295 0.030023660330314783
888 0.0300236603298476
977 0.030023660329812074
667 0.030023660328826196
1284 0.03002366032877113
1009 0.030023660328499346
606 0.030023660326451207
103 0.030023660325008805
503 0.030023660324262735
1073 0.03002366032409931
383 0.030023660323955426
675 0.03002366032289938
1114 0.030023660322147094
188 0.030023660317718637
721 0.030023660316865985
62 0.030023660315022127
149 0.030023660312201272
850 0.030023660310304123
1105 0.030023660309888456
1081 0.030023660309504763
1092 0.03002366030918857
419 0.0300236603089985
791 0.030023660307900712
122 0.03002366030667325
397 0.030023660306436994
1223 0.030023660305557698
739 0.03002366030462955
806 0.030023660304287603
1429 0.030023660303935884
875 0.030023660303710287
699 0.030023660303555744
113 0.0300236603027475
1266 0.030023660301930377
570 0.030023660301764288
935 0.030023660300711796
1377 0.03002366029963177
627 0.030023660299416832
615 0.03002366029807746
567 0.03002366029763781
86 0.03002366029683934
1139 0.03002366029633663
173 0.03002366029468284
1322 0.030023660294060228
254 0.030023660293958088
338 0.03002366029352288
1014 0.03002366029301129
87 0.030023660289538512
868 0.030023660289396403
1 0.03002366028868142
443 0.030023660288635234
1402 0.030023660288363452
218 0.030023660288021503
312 0.030023660287957554
523 0.03002366028765202
1392 0.030023660287431753
1270 0.03002366028719905
730 0.030023660287064047
353 0.03002366028705339
477 0.030023660286586207
265 0.030023660286538245
930 0.03002366028596981
795 0.03002366028547776
455 0.030023660284934195
467 0.03002366028413128
654 0.03002366028388259
991 0.03002366028181136
540 0.0300236602817181
1363 0.030023660280544817
893 0.030023660279892894
33 0.030023660276283337
1453 0.030023660275615427
555 0.03002366027495995
266 0.030023660274737907
177 0.030023660271648822
130 0.030023660268946983
1386 0.030023660268595265
52 0.030023660267721297
528 0.030023660267399777
1046 0.03002366026542269
613 0.030023660265333874
80 0.030023660264442142
1347 0.03002366026367298
70 0.03002366026282921
226 0.030023660262612495
1357 0.030023660259868024
414 0.030023660257308293
1328 0.0300236602566617
49 0.030023660256016882
1035 0.03002366025398473
1184 0.0300236602530628
1076 0.03002366025278569
1225 0.030023660252469497
1198 0.030023660252032514
389 0.030023660251421447
281 0.030023660251291773
1364 0.030023660250214412
74 0.030023660249926643
560 0.030023660248410522
66 0.030023660247536554
716 0.03002366024666614
689 0.030023660246321526
652 0.030023660246190076
715 0.030023660245058537
1237 0.030023660244465233
1240 0.030023660243665873
1033 0.03002366024346692
496 0.030023660241441874
755 0.0300236602404933
68 0.030023660239757888
322 0.030023660239598016
596 0.03002366023812897
476 0.030023660237278094
1103 0.03002366023684644
898 0.030023660236576433
1005 0.030023660236386362
1038 0.03002366023588543
35 0.030023660235551475
1420 0.030023660233178262
257 0.030023660232504135
93 0.030023660229893778
300 0.03002366022875158
587 0.030023660227570304
318 0.030023660227433524
289 0.03002366022688996
894 0.030023660226458304
703 0.030023660226360604
648 0.0300236602258952
1152 0.030023660224181015
781 0.030023660224181015
470 0.03002366022312941
1355 0.030023660222362025
538 0.030023660221880633
425 0.030023660219486104
1389 0.030023660218708947
527 0.030023660218452264
79 0.030023660217374015
702 0.030023660216610182
1292 0.03002366021596181
119 0.030023660214391512
1271 0.030023660212103565
5 0.03002366021168612
1230 0.030023660208236436
1002 0.03002366020695746
1068 0.030023660206358826
1096 0.0300236602044901
500 0.030023660203527314
1179 0.03002366020291447
147 0.03002366020252545
1216 0.03002366020246683
1314 0.030023660200299673
753 0.030023660198922997
253 0.030023660198020607
663 0.030023660196231816
1262 0.03002366019418723
1154 0.030023660191533352
99 0.03002366019139302
985 0.030023660190936496
423 0.03002366018989555
1015 0.03002366018931646
351 0.030023660189058887
152 0.03002366018869118
834 0.030023660186735412
15 0.030023660185948486
341 0.03002366018578151
959 0.030023660185408474
1360 0.030023660184438583
1099 0.03002366018418634
178 0.030023660183550405
574 0.030023660183390533
962 0.030023660182551204
1233 0.0300236601823638
645 0.03002366018067626
140 0.03002366018067093
194 0.030023660179688605
518 0.03002366017600444
660 0.030023660175890754
713 0.03002366017529745
491 0.03002366017459579
250 0.030023660172178168
1337 0.0300236601720556
782 0.030023660170195754
336 0.030023660170162003
375 0.030023660170037658
886 0.030023660169572253
609 0.030023660168708943
117 0.03002366016850111
621 0.030023660168367883
636 0.03002366016825242
724 0.030023660167717736
1394 0.030023660167332267
712 0.0300236601669166
671 0.03002366016586322
6 0.030023660165772625
1242 0.030023660164802735
501 0.030023660164528287
1166 0.0300236601639714
607 0.030023660162568078
915 0.0300236601618753
556 0.030023660160789944
525 0.030023660160766852
2 0.030023660160732213
320 0.030023660160637178
474 0.030023660160244603
1256 0.03002366015958735
1445 0.03002366015711999
1075 0.030023660157004528
776 0.030023660155651832
1413 0.030023660155217513
327 0.03002366015474678
923 0.030023660154286702
932 0.03002366015381064
883 0.030023660153709386
286 0.030023660151969445
315 0.030023660150890308
688 0.030023660150561682
1313 0.03002366015038227
955 0.03002366014940705
961 0.030023660148629006
928 0.030023660148488673
1211 0.030023660148179587
545 0.030023660147826092
249 0.03002366014729496
682 0.03002366014718838
905 0.03002366014711555
1133 0.03002366014444391
41 0.03002366014385416
692 0.030023660143086772
331 0.03002366014237179
735 0.030023660142349584
1013 0.030023660141418773
709 0.03002366014053237
505 0.030023660138301267
291 0.030023660138247976
1243 0.03002366013760671
853 0.030023660136148322
231 0.03002366013572555
1416 0.030023660133059238
659 0.03002366013251212
384 0.030023660130623853
1156 0.030023660129735674
112 0.030023660129719687
1289 0.0300236601291477
303 0.030023660128341234
664 0.030023660127030283
0 0.030023660125230833
382 0.030023660123923435
454 0.030023660123797313
369 0.03002366012337987
841 0.03002366012314539
463 0.030023660122845186
802 0.030023660119889328
34 0.030023660119777418
1078 0.030023660117013407
1396 0.030023660115746864
1174 0.03002366011545199
256 0.03002366011529567
891 0.03002366011504698
468 0.030023660114615325
759 0.03002366011429025
656 0.030023660114258277
811 0.030023660113874584
537 0.03002366011387192
1346 0.030023660112606265
1149 0.030023660109652184
824 0.030023660108014383
1169 0.030023660106609285
862 0.03002366010493951
612 0.030023660103902117
196 0.03002366010366586
817 0.030023660103543293
191 0.03002366010281854
150 0.030023660101553773
1455 0.030023660098597915
267 0.030023660098365212
657 0.03002366009783941
367 0.030023660096647475
1176 0.030023660096594185
568 0.030023660096048843
757 0.03002366009323776
1306 0.0300236600931445
238 0.030023660092494353
1111 0.03002366009231494
661 0.03002366009218882
192 0.030023660092123095
1299 0.030023660091854865
1417 0.03002366009071089
1212 0.030023660089300463
408 0.030023660089090853
1061 0.030023660085539916
335 0.030023660085261028
507 0.03002366008513757
44 0.030023660082589387
804 0.03002366008015045
1025 0.030023660076757608
1163 0.030023660076682113
904 0.030023660076670566
380 0.030023660076501812
828 0.030023660076022196
1125 0.030023660076018643
910 0.030023660071860192
95 0.03002366007120294
726 0.03002366006869117
881 0.030023660068430047
212 0.03002366006817958
102 0.030023660068147606
189 0.030023660067461932
1407 0.03002366006723811
1143 0.030023660065344515
90 0.03002366006533741
1115 0.030023660065237934
626 0.03002366006045243
797 0.03002366005993551
681 0.03002366005967616
1087 0.030023660059244506
1049 0.03002366005917345
994 0.030023660057489465
945 0.03002366005712176
603 0.030023660056748724
1296 0.030023660056192725
1186 0.030023660055306323
82 0.030023660052615142
1245 0.030023660050684242
107 0.030023660049620204
672 0.030023660047390877
1120 0.030023660044944833
966 0.030023660044159683
1247 0.03002366004336743
810 0.03002366004332302
510 0.030023660043184464
401 0.030023660040848554
973 0.030023660040610523
1010 0.030023660039342204
1102 0.030023660038843047
590 0.030023660038708044
339 0.030023660037230115
1168 0.030023660037002742
1093 0.030023660036029298
818 0.03002366003502832
533 0.030023660034759203
763 0.030023660034364852
148 0.030023660031490707
792 0.030023660031217148
100 0.03002366002936796
577 0.030023660029227628
1218 0.03002366002710133
694 0.030023660025175758
142 0.03002366002482404
1003 0.03002366002479029
67 0.03002366002384349
1267 0.03002366002354151
996 0.030023660023433152
766 0.03002366002275103
847 0.030023660022694187
171 0.030023660021022636
683 0.030023660020573217
1201 0.030023660020223275
326 0.030023660020043863
582 0.03002366001942569
1032 0.030023660018400733
1342 0.03002366001818757
665 0.030023660017253206
737 0.03002366001578416
558 0.030023660015528364
1072 0.030023660014865783
1311 0.030023660013972275
118 0.0300236600134145
866 0.030023660011258002
418 0.030023660010545683
846 0.030023660009534936
101 0.0300236600085082
968 0.03002366000731982
288 0.03002366000720791
1423 0.030023660006401443
635 0.030023660005721098
1330 0.030023660005468855
678 0.03002366000516865
494 0.030023660004660613
1391 0.030023659999768526
19 0.030023659999159236
729 0.03002365999718748
1142 0.030023659997086227
308 0.030023659996478713
1297 0.030023659996157193
153 0.030023659995109142
946 0.030023659993176466
1104 0.030023659992668428
75 0.03002365999191703
292 0.030023659991554652
605 0.03002365999066292
1362 0.030023659990094487
964 0.030023659988515305
564 0.030023659988119178
927 0.03002365998681711
1060 0.03002365998614387
561 0.030023659985749518
487 0.030023659984751205
723 0.03002365998455936
845 0.030023659984138362
208 0.030023659982221673
940 0.030023659982168382
982 0.030023659981304185
1235 0.030023659980392026
756 0.030023659978608563
430 0.030023659977164385
690 0.0300236599762016
394 0.03002365997616696
1276 0.030023659975428885
936 0.0300236599738124
1334 0.030023659972313155
328 0.030023659972009398
1215 0.03002365996944434
7 0.03002365996852241
176 0.030023659967133298
421 0.030023659967090666
1190 0.03002365996691303
279 0.030023659966140315
1063 0.030023659965468852
971 0.030023659964863114
475 0.03002365996326617
333 0.030023659963218208
519 0.030023659961306848
521 0.030023659959285354
788 0.030023659956063042
170 0.03002365995560119
155 0.030023659955544346
1193 0.030023659955525694
211 0.030023659954720117
800 0.030023659952984616
274 0.030023659952979287
1341 0.030023659951321946
135 0.03002365995082812
447 0.030023659949938164
167 0.03002365994951539
593 0.030023659949039327
738 0.030023659946918357
356 0.030023659944763637
157 0.030023659943978487
851 0.030023659939752534
406 0.030023659937249647
1153 0.030023659936889047
46 0.030023659936661673
618 0.03002365993655509
551 0.03002365993583389
1399 0.03002365993581435
1054 0.030023659934286684
691 0.030023659934016678
787 0.030023659933977598
1197 0.030023659932092883
278 0.030023659931122992
578 0.03002365992859346
1422 0.030023659926617263
485 0.03002365992532674
937 0.03002365992416145
903 0.0300236599230157
611 0.03002365992232825
1039 0.030023659921402768
39 0.030023659920518142
38 0.03002365991983247
134 0.030023659917372214
483 0.03002365991660305
647 0.030023659915778822
1189 0.0300236599141801
767 0.030023659914069967
1209 0.030023659912811418
451 0.03002365991276612
1428 0.030023659911806888
666 0.03002365991119227
186 0.030023659910765943
285 0.030023659910392908
942 0.0300236599095296
225 0.03002365990901268
450 0.030023659907064015
546 0.03002365990517042
1427 0.030023659903461564
1244 0.03002365990320932
1227 0.030023659901852184
1238 0.03002365990173672
653 0.03002365990129796
387 0.03002365990094269
1344 0.030023659900672683
829 0.030023659900349386
1095 0.030023659900346722
526 0.030023659898295918
1248 0.030023659898185784
637 0.030023659896322386
1393 0.03002365989540401
490 0.030023659895206833
60 0.030023659894933274
110 0.030023659894931498
1164 0.03002365989404332
340 0.03002365989151201
200 0.03002365989094713
24 0.030023659887072895
1045 0.030023659884664156
287 0.03002365988462863
1022 0.030023659884429676
1053 0.030023659882347786
1368 0.03002365988142941
863 0.030023659881047493
166 0.03002365988092137
209 0.030023659877238984
72 0.03002365987545197
393 0.03002365987484268
139 0.03002365987377864
199 0.030023659873679165
1191 0.030023659873548603
751 0.03002365987344824
1404 0.030023659873123165
1375 0.030023659871241115
370 0.030023659871236674
1336 0.03002365987017619
1410 0.030023659870174413
1140 0.030023659870060726
1454 0.03002365986970723
84 0.030023659869479857
1130 0.030023659869369723
1358 0.030023659868891883
1432 0.03002365986800193
865 0.030023659867486785
1041 0.030023659865776153
1280 0.030023659865390684
933 0.03002365986526989
1310 0.03002365986092137
182 0.0300236598605661
1117 0.030023659860397345
411 0.030023659860093588
120 0.030023659860081153
506 0.030023659859557128
1260 0.030023659858413154
1301 0.030023659856867724
948 0.030023659855108242
114 0.030023659854506946
614 0.030023659854180096
597 0.030023659854096607
882 0.030023659852028928
748 0.030023659851531548
69 0.030023659849669926
580 0.03002365984867872
684 0.03002365984819111
870 0.03002365984728428
416 0.030023659847266515
803 0.03002365984722566
1282 0.030023659847124406
679 0.03002365984644939
311 0.030023659844717443
205 0.030023659844637507
42 0.030023659843410044
220 0.030023659842887795
900 0.030023659842342454
1421 0.030023659839967465
1379 0.030023659839923056
314 0.030023659837729255
839 0.03002365983719102
990 0.030023659832872696
588 0.03002365983105193
1051 0.030023659830877847
575 0.030023659826925453
649 0.030023659826296623
1433 0.030023659824841786
16 0.030023659824081506
1251 0.030023659823726234
461 0.03002365982363564
632 0.03002365982278654
714 0.0300236598223087
89 0.030023659818639636
360 0.0300236598155994
1159 0.030023659814398584
354 0.030023659813897652
676 0.030023659810025194
1183 0.0300236598095589
1170 0.030023659805543446
1436 0.030023659805028302
741 0.030023659804582437
902 0.030023659804436775
1138 0.030023659801750924
1158 0.03002365979842736
330 0.03002365979830124
1309 0.03002365979813426
1079 0.030023659797903335
1126 0.03002365979770527
705 0.030023659795592295
446 0.030023659795268998
913 0.03002365979428845
472 0.030023659792369983
1430 0.030023659792297153
405 0.030023659791831747
482 0.030023659791374335
251 0.030023659790902713
1308 0.03002365979063093
1324 0.030023659790019863
1018 0.030023659789936374
372 0.03002365978970367
8 0.030023659788710688
355 0.030023659788669832
18 0.030023659788167123
329 0.030023659785312518
1418 0.030023659784040646
750 0.030023659783786627
1287 0.03002365978350774
685 0.03002365978049859
520 0.030023659777103973
873 0.030023659776265532
509 0.030023659774753853
598 0.03002365977459931
920 0.0300236597691228
1088 0.03002365976884569
1285 0.030023659767834943
619 0.030023659767755007
97 0.030023659765857857
786 0.030023659765026522
984 0.030023659762376198
749 0.030023659762225208
453 0.03002365975966903
579 0.030023659759267574
1141 0.03002365975893362
1412 0.030023659758324328
168 0.030023659758272814
77 0.030023659757846488
201 0.030023659757652865
11 0.03002365975673893
1390 0.030023659754748522
1331 0.030023659753636522
1043 0.03002365975148713
415 0.030023659751266862
581 0.030023659750753495
761 0.0300236597476502
1204 0.030023659747422826
255 0.030023659745120668
752 0.03002365974505139
701 0.030023659744307096
956 0.030023659744225384
644 0.03002365974037957
175 0.030023659740235686
54 0.0300236597402197
736 0.03002365974003318
840 0.030023659738398933
553 0.03002365973800103
887 0.030023659737340225
437 0.030023659735395114
259 0.030023659731858388
316 0.030023659730717966
464 0.0300236597289949
13 0.030023659727076435
651 0.030023659726987617
271 0.030023659726891694
963 0.030023659723132923
247 0.03002365972271015
76 0.03002365972126242
306 0.03002365972111143
1004 0.030023659720532336
808 0.030023659716686524
801 0.030023659715174844
1411 0.030023659712332673
1007 0.030023659709373263
622 0.030023659707644867
1089 0.03002365970601062
789 0.030023659705399552
1338 0.030023659705378236
695 0.030023659701145178
484 0.03002365969993548
426 0.030023659697761218
634 0.030023659696167826
1382 0.030023659695796567
835 0.03002365969372356
63 0.030023659692687943
944 0.030023659692078652
481 0.030023659688831472
1008 0.030023659688795945
771 0.030023659688634297
836 0.030023659687435256
504 0.030023659683914516
1317 0.03002365968240106
1146 0.03002365968182552
361 0.030023659680955994
26 0.030023659680754378
390 0.030023659679049075
190 0.030023659678610315
1070 0.03002365967853393
534 0.03002365967773457
1083 0.030023659677366865
444 0.030023659676880143
1195 0.030023659676617243
109 0.030023659675929792
1439 0.03002365967385945
1252 0.030023659671504888
85 0.030023659669003777
427 0.0300236596689345
941 0.030023659668042768
457 0.03002365966670517
965 0.03002365966585252
1199 0.030023659664925262
508 0.030023659664459856
1258 0.030023659662328228
1316 0.030023659661852165
1395 0.0300236596617669
373 0.030023659661714497
104 0.030023659659340396
378 0.030023659657133273
1155 0.030023659656825075
687 0.030023659653544144
796 0.030023659653432233
548 0.030023659650135315
628 0.03002365964986531
972 0.03002365964918141
953 0.030023659649137002
775 0.030023659648856338
916 0.03002365964884568
1241 0.03002365964809428
855 0.030023659647897105
126 0.030023659647547163
439 0.030023659646927214
822 0.030023659646118972
431 0.030023659645909362
57 0.030023659645152634
1119 0.030023659644728085
922 0.03002365963851439
223 0.030023659637565814
1437 0.03002365963700626
539 0.030023659635435962
1021 0.03002365963416409
180 0.03002365963020104
269 0.030023659627632426
1136 0.03002365962642628
1434 0.030023659625438626
202 0.030023659625179278
1226 0.030023659624579757
296 0.03002365962437281
939 0.0300236596232768
248 0.03002365962285225
379 0.03002365962091158
145 0.030023659620741938
217 0.03002365961906861
1374 0.030023659619018872
207 0.0300236596186938
388 0.030023659618008125
284 0.03002365961751874
471 0.030023659616460918
1205 0.030023659616079
943 0.03002365961582054
290 0.03002365961580722
154 0.03002365961507536
1300 0.030023659614760945
1312 0.030023659614551335
277 0.030023659613615195
163 0.030023659613545917
1275 0.03002365961192055
700 0.030023659611645215
1177 0.030023659610153075
1460 0.03002365960934572
224 0.03002365960801967
860 0.030023659607758546
1082 0.030023659607643083
264 0.030023659607616437
717 0.030023659605891595
1118 0.030023659605584285
531 0.030023659604113462
270 0.03002365960344555
890 0.03002365960065667
639 0.03002365960012021
371 0.030023659599514474
129 0.030023659598676034
1182 0.030023659598120034
1408 0.030023659595931562
1349 0.03002365959588893
668 0.03002365959531339
48 0.03002365959391806
584 0.030023659593672036
1148 0.030023659592263385
1388 0.030023659591424057
1196 0.03002365959030584
1354 0.030023659589527796
677 0.030023659588488627
1332 0.03002365958731268
232 0.030023659586252194
1290 0.030023659585806328
1162 0.030023659585154405
144 0.030023659582502304
323 0.030023659577688377
169 0.030023659577621764
1298 0.03002365957738995
1406 0.030023659576879247
261 0.030023659575599382
859 0.030023659573965134
641 0.030023659570757033
50 0.030023659570050043
332 0.030023659568858108
53 0.03002365956749742
1080 0.030023659565509675
742 0.03002365956282027
1172 0.03002365956188946
229 0.030023659560773908
28 0.030023659559160976
758 0.03002365955801345
1091 0.030023659557548044
1381 0.03002365955747699
999 0.030023659556119853
1024 0.030023659552339765
1161 0.030023659550000303
489 0.03002365954925601
760 0.030023659548287895
1307 0.03002365954795927
710 0.030023659547824266
37 0.03002365954769637
1208 0.03002365954727715
998 0.030023659545376447
73 0.03002365954521302
193 0.03002365954310804
562 0.030023659541212666
819 0.03002365953982533
1373 0.030023659539720526
398 0.030023659539413217
1435 0.030023659538400693
779 0.030023659537157243
983 0.030023659536240643
674 0.03002365953539332
31 0.030023659533645386
1318 0.03002365953291708
297 0.03002365953287267
402 0.030023659530082014
263 0.03002365952924535
435 0.030023659527739
772 0.030023659526374757
445 0.03002365952608166
1438 0.030023659525985735
670 0.030023659523001456
480 0.030023659522450785
1351 0.03002365952220032
1231 0.030023659521349444
469 0.030023659520880486
283 0.030023659519821777
1203 0.030023659517873114
1108 0.030023659515793
1415 0.030023659515492795
1031 0.03002365951500785
236 0.030023659514483825
1228 0.030023659513659595
275 0.03002365951326702
1325 0.03002365950952246
544 0.030023659509501144
655 0.030023659508158218
343 0.03002365950601593
47 0.030023659505145517
1269 0.030023659504029965
304 0.030023659501392075
732 0.030023659500637123
1065 0.030023659498700894
1319 0.030023659498525035
1277 0.030023659496622557
1224 0.030023659496125177
413 0.03002365949491015
541 0.03002365949484087
125 0.03002365949443586
1210 0.03002365949360275
243 0.030023659490430177
1016 0.03002365948949226
456 0.0300236594877461
608 0.03002365948763064
864 0.030023659486086984
625 0.03002365948391983
1165 0.030023659483873644
307 0.03002365948020902
187 0.030023659480137965
452 0.030023659477398823
1187 0.030023659475554965
987 0.0300236594743577
778 0.030023659472254494
214 0.030023659470026942
919 0.030023659469362585
589 0.03002365946507446
719 0.030023659462028007
1180 0.03002365946100305
345 0.030023659460015395
583 0.030023659458780827
908 0.030023659457855345
871 0.030023659457036445
1448 0.030023659452853124
479 0.030023659448595197
432 0.030023659447214968
814 0.03002365944690588
30 0.03002365944509755
638 0.03002365944258578
1383 0.030023659440946204
925 0.030023659438317196
364 0.03002365943772567
536 0.03002365943581964
1217 0.030023659434123218
911 0.030023659433004113
36 0.030023659432892202
957 0.03002365943264884
94 0.030023659432140803
1157 0.03002365943153862
989 0.030023659430890248
975 0.03002365942955798
1098 0.030023659429474492
807 0.03002365942844598
210 0.030023659427396154
1027 0.030023659426626992
412 0.03002365942621843
1467 0.030023659424880833
20 0.030023659424367466
856 0.030023659423592974
293 0.030023659420136184
45 0.030023659418032977
465 0.030023659416219317
643 0.030023659415714832
1151 0.030023659414995407
124 0.030023659414904813
585 0.030023659414661452
1064 0.030023659414455395
268 0.03002365941411611
869 0.030023659412291792
1036 0.030023659411773096
4 0.030023659409471826
746 0.03002365940852947
280 0.03002365940800722
1017 0.030023659407444114
602 0.030023659400367997
754 0.030023659398038305
317 0.030023659397432567
138 0.030023659396020363
844 0.030023659395750357
517 0.03002365939442697
324 0.030023659391977375
563 0.030023659391384072
1167 0.03002365939103946
981 0.030023659390457702
272 0.030023659389412316
1057 0.030023659388886514
61 0.03002365938833229
302 0.030023659388277224
299 0.030023659387502732
595 0.030023659385966184
576 0.030023659384687207
765 0.030023659381797074
1213 0.030023659381617662
559 0.030023659379279977
213 0.030023659375881806
440 0.030023659373542344
1372 0.030023659372846012
1122 0.03002365937272522
1304 0.03002365937130058
557 0.0300236593710288
565 0.030023659369208033
878 0.030023659368604072
1425 0.0300236593655292
547 0.03002365936268614
59 0.03002365936172602
404 0.03002365936158924
1315 0.03002365936102258
745 0.030023659360997712
1288 0.030023659360026045
823 0.03002365935970097
244 0.030023659358313637
711 0.03002365935421558
599 0.030023659350171705
132 0.03002365934888296
1129 0.030023659348440646
386 0.030023659348314524
728 0.03002365934792639
184 0.03002365934751161
698 0.030023659343008546
993 0.03002365933993545
633 0.030023659339390107
1302 0.030023659336888997
1283 0.030023659336753994
899 0.03002365933054918
1366 0.030023659330430164
631 0.030023659327868657
620 0.030023659325850716
391 0.030023659324223573
1026 0.030023659323063612
1405 0.030023659320885798
1370 0.030023659320415064
917 0.030023659319011742
466 0.03002365931777895
592 0.030023659313506812
1333 0.03002365931262041
530 0.030023659308678674
174 0.03002365930787576
718 0.03002365930089468
857 0.030023659298398897
1144 0.030023659293927807
276 0.030023659292997884
198 0.030023659292382376
793 0.030023659291725124
1219 0.030023659291501303
1207 0.03002365929127393
321 0.030023659291087412
967 0.030023659290549176
1272 0.03002365928552031
400 0.030023659280231207
1461 0.03002365927806494
812 0.0300236592771288
22 0.030023659277121695
1255 0.030023659276844583
901 0.030023659272977454
1101 0.030023659268325176
532 0.030023659266927183
392 0.030023659263873625
442 0.03002365926372441
246 0.03002365926000472
872 0.030023659255393298
740 0.030023659254391433
535 0.030023659254277746
744 0.030023659253402002
876 0.030023659252146118
1459 0.030023659251167345
252 0.03002365925025785
429 0.030023659247744305
1400 0.03002365924554873
55 0.030023659241836143
1239 0.03002365924102257
1132 0.030023659240727696
794 0.030023659239421185
359 0.030023659237281564
197 0.030023659237125244
1085 0.030023659236222855
1345 0.03002365923584982
228 0.030023659234668543
1028 0.03002365923399175
988 0.030023659227495614
1137 0.03002365922115402
1062 0.030023659220395515
237 0.030023659219859056
460 0.03002365921775585
1424 0.03002365921744321
646 0.030023659215784093
1029 0.03002365921507888
260 0.03002365921179795
374 0.03002365921148531
867 0.030023659210888454
206 0.030023659210293374
992 0.03002365920889538
976 0.030023659203296305
436 0.03002365920236727
407 0.030023659202351283
1254 0.030023659200210773
1134 0.030023659195869357
377 0.030023659195695274
954 0.03002365919437544
9 0.030023659189872376
769 0.030023659188570306
974 0.03002365918741745
931 0.030023659185333784
403 0.030023659183681772
492 0.03002365918248806
344 0.030023659182129236
549 0.03002365917834915
1106 0.030023659178292306
1097 0.030023659176512396
720 0.03002365917087424
498 0.030023659169472694
1329 0.030023659165177463
1456 0.030023659161591
27 0.030023659157745186
1449 0.030023659156595883
1200 0.030023659154531757
947 0.030023659149970072
1274 0.030023659146804604
978 0.030023659146644732
924 0.030023659146605652
43 0.03002365914654881
1397 0.030023659144667647
907 0.030023659144667647
1221 0.030023659144189807
995 0.030023659144044146
693 0.03002365914050209
1403 0.03002365913910232
727 0.030023659137931702
1034 0.03002365913519789
98 0.03002365913307159
203 0.030023659132888625
1305 0.03002365912410987
337 0.030023659120592683
365 0.030023659120054447
366 0.030023659115860468
1127 0.030023659115409274
586 0.030023659108465495
813 0.030023659104676526
1444 0.030023659103667555
1431 0.03002365910304583
399 0.030023659101169997
10 0.03002365909441629
1030 0.0300236590889309
1047 0.030023659088771026
424 0.03002365908431237
40 0.03002365908102611
1109 0.030023659076997333
127 0.03002365907199156
1462 0.030023659070828046
438 0.030023659059642327
1320 0.0300236590568268
743 0.030023659052782037
838 0.030023659052490714
1160 0.030023659051241935
774 0.030023659050785412
842 0.03002365904078097
449 0.030023659040509187
301 0.030023659030758765
1327 0.03002365902941939
512 0.03002365902882964
669 0.030023659021674476
747 0.030023659020411486
1278 0.030023659019006388
434 0.03002365901871684
181 0.03002365901786419
233 0.030023659017643922
459 0.030023659014872806
858 0.03002365901341797
310 0.030023659013240334
158 0.03002365901180859
880 0.030023659009737358
511 0.030023659009513537
1001 0.030023659008713288
358 0.030023659007289538
313 0.03002365900633741
396 0.030023659001244596
1265 0.03002365900008641
680 0.030023658996121583
524 0.03002365899515702
849 0.03002365899487014
885 0.030023658993677316
1071 0.030023658987101243
234 0.03002365898654169
131 0.030023658986237933
1077 0.030023658975027345
462 0.03002365895808623
1365 0.030023658946703335
1234 0.03002365894269765
830 0.030023658942321063
116 0.030023658937716746
334 0.030023658936707776
1384 0.030023658933142627
1000 0.03002365892997716
1055 0.030023658928136854
610 0.030023658927119
495 0.03002365892007397
1107 0.030023658918286955
542 0.0300236589181484
258 0.0300236589173295
1124 0.03002365891615888
221 0.030023658915663276
938 0.030023658915494522
1011 0.030023658912869067
1090 0.030023658909891893
831 0.030023658909554385
1056 0.030023658909419382
230 0.030023658900120154
826 0.030023658896764616
1457 0.030023658896102035
554 0.030023658887584403
658 0.03002365888547409
1067 0.03002365887951086
522 0.030023658877745163
12 0.030023658871638048
239 0.0300236588707552
128 0.030023658867664338
319 0.03002365882131741
514 0.030023658800930164
821 0.03002365879860669
960 0.030023658792709185
294 0.030023658790172547
448 0.030023658779377627
309 0.030023658777534656
17 0.030023658773259854
843 0.03002365877287083
926 0.03002365875743873
441 0.030023658749094295
1356 0.03002365873932078
195 0.03002365873299162
1194 0.030023658723880686
1441 0.030023658707999168
1359 0.03002365870270296
662 0.030023658695617073
227 0.030023658693817623
952 0.030023658683573373
1020 0.030023658680370602
1059 0.030023658668065778
1353 0.03002365866220824
497 0.03002365865096479
889 0.030023658648781648
1257 0.030023658632785555
1463 0.030023658570842215
183 0.03002365857067879
1249 0.030023658466943104
513 0.03002365842482213
493 0.03002365835775045
