702 0.7285829807684359
592 0.9009974978349647
492 0.8730194293817162
384 0.8514393788264242
680 0.8953150544653555
440 0.8587720698619691
624 0.8474965139453514
630 0.8901642313613712
560 0.8776780077747584
389 0.8737283888583075
597 0.8605569921817209
588 0.8361382702733124
526 0.8748914674387781
638 0.8932736209387788
385 0.8076939625487054
641 0.772742682214581
639 0.8796491940337242
650 0.7300830498937024
633 0.8480407229737226
395 0.8734608255990235
240 0.9498746906752364
607 0.8978679568421007
407 0.8367032722691876
654 0.7172572371247475
626 0.8713105592305187
405 0.8234897008563365
572 0.822914027118885
665 0.8428091483579744
614 0.7185836398954665
562 0.8321836470875131
347 0.9469890092393394
613 0.8517541546291143
672 0.8706816553987134
669 0.8881516378560209
172 0.9399625101281578
503 0.857826453729611
114 0.9338094248796407
413 0.8622358553564297
429 0.8091420844888103
649 0.8480641836256635
679 0.8784327660678279
488 0.8555341263270284
298 0.9366197576970781
358 0.9218670436999242
477 0.8498767969738522
534 0.8332980402091357
643 0.8721161955832394
666 0.7470039791460985
661 0.8440091989452065
455 0.8472923409067141
355 0.9413163281282315
591 0.8038800963810468
437 0.8019299961440272
377 0.8240128727095422
474 0.8279782924213193
593 0.8031304746588985
313 0.897662871180893
339 0.9250411068078482
656 0.8465510982305003
482 0.8053152121855404
622 0.7961816242562229
557 0.783036769389155
583 0.8269801344598845
568 0.8352795303472828
565 0.7951840050502937
431 0.8019405603583283
636 0.8634367310107913
620 0.833661533106868
553 0.7934196461469484
456 0.7993881082090066
459 0.7764979619610864
540 0.8190151929084958
683 0.8250089759797163
631 0.818235083729609
528 0.7587441520265811
586 0.7744796180679299
579 0.7370057867716958
467 0.7411272201292742
681 0.8406260305633458
186 0.8910784741674026
388 0.8105721431295482
506 0.8036196621459268
616 0.8153175890255099
527 0.8539543133556218
517 0.7758648945363892
657 0.5959490132792199
142 0.9169222716262165
88 0.9197663749094851
187 0.8996410761604581
288 0.8443863633193212
627 0.8306344304109239
173 0.9156537951288635
165 0.8678472536471029
520 0.7820961796618094
642 0.808825118196293
232 0.869723217045572
668 0.8094403655757367
452 0.7090287483285935
89 0.905053416120708
392 0.7733773616797797
386 0.7106197503957442
573 0.8499813578746195
401 0.7155879065235488
454 0.7812241968284541
478 0.796960652019732
541 0.7466231585523244
644 0.7894543247421297
712 0.7630226491941063
414 0.8063731385836621
496 0.7467243806664893
451 0.7021372131751475
513 0.7178745056887412
110 0.8434721556413484
161 0.8646141368144902
676 0.7987595041452394
469 0.7613431200331289
416 0.7868402198960058
619 0.8064507977725606
116 0.877633775501408
370 0.7604842079212144
605 0.8083903865064906
476 0.7810722520902226
640 0.7805235235041453
140 0.8734470699303065
425 0.6909386787969661
373 0.7554075775063624
378 0.8130181069792227
216 0.8570169338275104
516 0.8017025968162909
257 0.831837833780822
539 0.8233698544163491
331 0.8777786607753394
380 0.7569373085053467
524 0.7237357382951916
504 0.7180362078624972
598 0.6803389050902591
521 0.695824477088348
438 0.7624293475683064
523 0.6974398789956826
283 0.8825534290639315
367 0.913451996096959
100 0.8857573841076017
321 0.9181057400811888
177 0.8376553773192229
244 0.8532385692868656
601 0.8630011553269504
544 0.7114004642530821
648 0.7666531167750773
408 0.6016641991156757
206 0.8330611770644475
398 0.6979169214234385
365 0.8932396580156694
340 0.8687630314710658
155 0.8472035519028676
383 0.7156429601917587
163 0.8906630455902745
487 0.6851661336800062
215 0.8425133021709308
136 0.8436747374523322
189 0.8282820760862849
330 0.81404313062277
323 0.8236732895209595
511 0.5968012548442593
463 0.649015448959207
105 0.8134107417940829
135 0.798896434928913
77 0.8300169811695366
75 0.8299728175071114
147 0.8557118976687513
265 0.8238426774829203
635 0.5484293974592678
603 0.8579790280978226
295 0.8066596821642585
372 0.6924141479254623
292 0.7834342168746564
439 0.6854680268722473
236 0.7941154733414917
209 0.833396576699835
151 0.9394012796704972
361 0.89826204855908
317 0.8444284324608042
166 0.7824637515394657
379 0.7673087514838685
500 0.6573004940833727
335 0.8041575574928249
86 0.7963846544334793
441 0.6535218178627122
342 0.796954280290929
213 0.8131431384917908
602 0.8583790798608939
129 0.7478066520256001
580 0.8109563140169007
124 0.8472030414331633
109 0.7962020213400395
92 0.7777094833483578
550 0.7005661885292944
484 0.7511855322451605
303 0.820167641228367
396 0.6809816005743161
290 0.83078748835022
183 0.8558391663545672
703 0.5153111568570424
617 0.6622636618509696
402 0.7395852171550599
647 0.8575010278979199
222 0.8386496083575012
134 0.7966719541554886
286 0.8326710816583619
334 0.8332461669518846
688 0.4582753577167544
490 0.6957361436240865
113 0.7384372578051183
667 0.6682042970312071
80 0.8095244685108963
561 0.771157961473134
585 0.5509094060726192
314 0.8256864840925634
214 0.8039283914642522
543 0.7243941998831638
233 0.8349504589647755
341 0.8566822249458683
78 0.7696355100042026
547 0.6974980746279208
227 0.7460151320153661
103 0.768798042841035
684 0.7517087421722721
421 0.6821115059653572
201 0.7767982263206665
308 0.8520113549326551
332 0.7725429891337278
350 0.7975505667174977
146 0.7301752955647044
390 0.6057385015172216
362 0.8329931959441579
239 0.7812386238045856
101 0.7646620486941579
564 0.6844823257925584
168 0.8554665091840727
548 0.6261837348006986
595 0.5015679730625443
97 0.7960118631617238
569 0.6103191925491752
108 0.8062776373379658
229 0.7871507235078403
587 0.6984051892164953
660 0.539229327931663
266 0.7207746858494639
512 0.6414240097031908
697 0.5671164413253745
277 0.783238960942713
329 0.7698425805140023
204 0.7588435353283579
364 0.8089004244874781
545 0.5862226030309573
430 0.6114981085559681
690 0.6195828563676047
305 0.7627589972110009
93 0.7993679713816135
74 0.6880746060869477
195 0.748655140491287
200 0.7295998391442414
180 0.8194449141712206
262 0.7770523541124037
529 0.6403941885148311
493 0.6465625475994062
514 0.5475610647912074
152 0.7376983922433109
483 0.5498988121040282
231 0.745343280807812
120 0.7737505223558936
522 0.5183754526801516
546 0.4728733576698772
96 0.7981742027913067
293 0.7087554377129945
651 0.6026975301382489
363 0.8242752180870102
178 0.7200011630112034
144 0.7357814376338511
381 0.5619823151762565
670 0.6070211251691185
369 0.8196630216111203
403 0.5664180071551348
466 0.670177019079717
480 0.5888299493868137
368 0.8191901734585194
485 0.6719541032136884
191 0.7260780729765133
219 0.7558290696812714
111 0.7865814641881435
382 0.5815314761743289
198 0.717021117245493
255 0.7179364294760364
376 0.5302477056060245
133 0.7239310463776217
246 0.7631093234613897
632 0.5114147624353813
211 0.7653578535241747
248 0.7010086872843055
235 0.7733542054239462
406 0.5641364455544128
578 0.5916607948444043
284 0.8291807094637933
494 0.5475414474827218
531 0.6007760815786798
510 0.5335053831790711
710 0.28496218222965397
256 0.7342213873572014
501 0.5019201499457495
259 0.654430778065194
106 0.7698478251471375
662 0.6831734169398339
310 0.7354268914643882
301 0.7336834703054761
417 0.4625616489495535
319 0.7602602021897045
581 0.6674468887393249
221 0.6762373280504774
218 0.6454488175651023
663 0.38715837638185163
119 0.7203507391162882
208 0.7732483389396589
289 0.7141855653065307
462 0.6104700011022404
107 0.7558123502846031
343 0.7237038894717841
252 0.7146464267737964
538 0.491089254017037
349 0.65671583851137
618 0.4611446603183137
465 0.5172747651375824
192 0.7304029186927625
375 0.5260656049134358
473 0.4905682692264839
536 0.46933821205595966
371 0.6257609807341806
285 0.6738720250342181
674 0.7622910475722579
471 0.4722766652856974
559 0.44883827416723265
615 0.6262159516840576
312 0.7495591479449245
400 0.5794564984215823
678 0.5031795837902636
658 0.3512250137032017
230 0.7858406410020272
346 0.7618510727340397
307 0.6347640805688235
701 0.3753136723687982
508 0.5307582786003081
193 0.6156900020942411
629 0.5245003731972203
599 0.5189996971020587
249 0.6451488571691928
300 0.7301747082629447
149 0.7783270534334765
184 0.7266013211276043
306 0.7601755097461507
94 0.6897937560865834
589 0.535152121546003
507 0.47925821969710425
509 0.5222673679674819
360 0.6943245972381339
154 0.6150955187137686
264 0.6803853209229982
499 0.48834796829930466
280 0.6606760531590578
82 0.6847036117897622
427 0.5484261051236614
435 0.4991125570048529
533 0.5881090786041316
353 0.6464202996292092
695 0.4280011089640122
352 0.6701343300172083
274 0.6702851404515398
420 0.458230816157522
689 0.4429549547058021
188 0.6131741144712094
247 0.678394779337284
453 0.5483827378167851
269 0.7122395523442967
411 0.49683222937327776
83 0.6185971844025571
345 0.6867647394073273
711 0.24048218197033458
98 0.6551351718519965
519 0.46390184191096273
316 0.6241921714128171
282 0.6644680860548553
637 0.5264685479354915
444 0.5003699257650274
542 0.5190401653553984
250 0.7746732538565058
576 0.49061974950617204
555 0.45635822325099573
322 0.6002172554753659
457 0.4562423806938028
159 0.6069188256207938
424 0.44008606216221746
537 0.582028217784575
645 0.41895030879576095
302 0.7424089068193419
299 0.6039579420511259
179 0.6222693685396679
118 0.5816042278228227
130 0.6891753732091741
234 0.6626501450100725
237 0.6464155840496462
320 0.6553989979959388
436 0.4615242334038562
273 0.6072797311473778
713 0.2223172224645874
224 0.599823497939259
653 0.30386983564832715
447 0.5030365739882098
123 0.5729832418655778
132 0.6436295432722884
326 0.6084105757455724
356 0.6844386782736525
157 0.5643614088454576
479 0.5299897897484989
223 0.5799277413303675
228 0.5919955421880081
35 0.9999541466038924
95 0.6069320827099393
399 0.5098407723543765
502 0.616452241391422
141 0.6928801161047943
170 0.6467236498588504
294 0.579487054513134
582 0.5366355168290713
426 0.4668309583627992
158 0.6527028026118784
212 0.6233470061937221
612 0.3811000816891572
566 0.46551181099838645
634 0.4361834257397106
84 0.6729284473921289
72 0.6027912676182403
450 0.45442202609933424
458 0.4295648582566583
48 0.9999541466038923
270 0.6107932519058876
596 0.4580598994984462
611 0.5711853174942997
394 0.4249333320529408
391 0.5364671710156645
245 0.6330348334268604
47 0.9999541466038923
315 0.6788363474862604
333 0.656852426256892
117 0.6342517377657695
253 0.6009036337778607
126 0.6220964470780757
549 0.49541375922564007
387 0.4296767330839706
393 0.4649071775486842
139 0.614978804461459
608 0.3178954505637492
574 0.4630178094209011
260 0.6007804892090989
461 0.4593616108800513
261 0.6185794477906345
243 0.6180746157546364
210 0.618873380355404
694 0.42652813922519717
22 0.9999541466038924
606 0.48838225920519357
475 0.4171638851446638
199 0.5802848316942799
468 0.43368671342785714
175 0.5335232866960143
238 0.5547156072090199
148 0.6564959934505724
167 0.5900808614804419
242 0.5541179592552643
60 0.9999541466038924
49 0.9999541466038924
610 0.2787957849775964
354 0.5438202572249085
23 0.9999541466038923
121 0.6102123299182891
17 0.9999541466038924
410 0.3590366276199613
366 0.6192271616568212
182 0.6081855199999519
271 0.5418230654838592
327 0.5456870316271069
646 0.2453840885111675
207 0.5426767759235495
423 0.3618046454816103
185 0.5850814423347857
337 0.5371598230546566
169 0.5503474923417367
115 0.6411311927947679
448 0.3940866628599646
99 0.5795892434923748
609 0.579382051517592
481 0.4606808033428949
671 0.3437299138080859
535 0.3833598930880201
497 0.42420245139802076
318 0.5386585316083577
445 0.428898453865128
422 0.46353360670670224
45 0.9999541466038924
659 0.3327336321809301
351 0.6270796618435519
125 0.5962377620220389
692 0.20936354536322818
153 0.619422898542966
397 0.456621236500281
160 0.5919457444776717
486 0.3974031530371092
432 0.42683358167244007
655 0.3928919377191413
258 0.5121569440368993
196 0.6214779151536036
309 0.5241040528305613
287 0.5332704312618499
203 0.5124065051551857
79 0.6021045491649184
433 0.4524715157771991
241 0.509465928036018
419 0.38469168370411466
348 0.5073049002459918
128 0.49444960858157894
102 0.5166887701361549
278 0.5306610846272339
296 0.5297420889136079
69 0.9483127828239274
685 0.45515594402623744
567 0.40404928970292414
505 0.3469636683595758
217 0.46440470642976045
15 0.9999541466038925
704 0.26290952729281414
27 0.9999541466038924
297 0.5771734512957286
563 0.3568425888228822
552 0.5072604376917013
708 0.18094121193983703
515 0.37792928378733687
357 0.5597476080758329
412 0.3959158158832254
664 0.44365883430557773
621 0.43026817520376986
220 0.4958834201921874
176 0.473629844626794
571 0.38751541104247267
404 0.29952552450380254
449 0.45094251661807727
460 0.3687658614665752
686 0.5182529439665932
530 0.3663084202616387
328 0.5188109015890402
50 0.93399315708146
181 0.5462706214925298
190 0.5246505806339257
122 0.5752772245642093
225 0.5274592052933563
518 0.30844887059903353
171 0.47314107697432967
418 0.38349252773927334
156 0.5079330285318725
279 0.4804775887558465
59 0.9162172474931811
705 0.14583870136429639
682 0.29134544604370133
338 0.5053951350242005
36 0.9176329157041018
272 0.5060893142404196
137 0.44806527169024635
344 0.4786415032735792
263 0.4898774435802903
464 0.34606587097427643
4 0.8482503453244343
551 0.2940669318644822
202 0.42728617423214255
68 0.9520314967584779
472 0.301973440808926
13 0.9024492469408244
18 0.8918240644813679
254 0.45204960335774624
46 0.9048676406665473
577 0.4168668883491817
138 0.4447917810405774
90 0.4865092426057476
311 0.5248471328838586
58 0.8369719323571522
127 0.5096486956625988
325 0.40629698104722395
63 0.9999541466038923
600 0.310758006284107
73 0.4296100478691059
687 0.3797717451436173
470 0.2880104066751383
16 0.7912204799933963
70 0.7894871454433854
443 0.3065519748205688
39 0.783179356469489
57 0.832730952059587
575 0.2960100514255199
61 0.7806169766268354
281 0.37794656624752965
428 0.23151041705897168
91 0.3485106744543191
33 0.9014587672240162
275 0.4629688918997434
11 0.8167979643707282
532 0.2823579253188883
594 0.2621551355186637
623 0.21002095668665266
446 0.24068584875313997
37 0.7917671614655842
42 0.7960501375617215
44 0.8153620392832338
85 0.3490829114625555
707 0.11914083430583589
14 0.8214569698009593
3 0.8386465067184705
43 0.8624881052639849
56 0.8878248856117935
374 0.20964262307302997
709 0.09825551346839421
268 0.38327020487494856
131 0.33457605540890895
675 0.16207766109338215
143 0.363225835353003
495 0.2469192307572053
590 0.24592737786545793
5 0.7425257974497804
38 0.7930601843652016
205 0.381182656290205
442 0.19537738663332258
336 0.3219178187690707
194 0.34629502559321257
625 0.16659758574182923
6 0.6598913164788086
434 0.24904462720188214
604 0.14866600620295098
415 0.2051028578963426
570 0.2264826020769665
12 0.7454891434994277
26 0.8430511006607989
698 0.1689372763218477
498 0.24395611549632085
673 0.15243826058828777
81 0.3110073380885646
112 0.3325070156676625
276 0.3305525736679665
29 0.651702835568477
164 0.3015443466623096
145 0.28961192171631955
359 0.2960022233682492
677 0.2240444853249314
251 0.33286871949914376
30 0.6438659744697933
304 0.32821011580480697
67 0.5911585140123429
291 0.24806288132121057
41 0.7296389306828351
54 0.5979766179679218
652 0.21192603613377817
174 0.27096359012745147
7 0.6780901341943097
409 0.1414292262403031
226 0.2805115956250678
52 0.6115329052813318
10 0.6314689835089639
53 0.6007145957497628
28 0.5740484527345204
691 0.10283471101291776
525 0.1584097614962783
558 0.18127441566438363
51 0.8156227531873046
21 0.556311954946339
693 0.0826412675476617
76 0.2315331919830221
699 0.13348588633124445
62 0.6200600250606975
8 0.5755033018768516
40 0.5260247086738316
25 0.5319510377959682
2 0.48114503827207045
55 0.47408861577031775
162 0.20373774243256865
267 0.23268592171188282
491 0.18854596067394178
706 0.04517904131042567
700 0.06944226402735619
24 0.4830561396355347
64 0.44495927940948704
197 0.1794821048901545
556 0.10923687807459227
324 0.18689200766783598
9 0.43107228604350234
71 0.35607372894370615
66 0.39489231286488874
65 0.4650975444689915
19 0.3640199209369062
696 0.047694186461487736
34 0.40648256425295065
104 0.13829313664375903
584 0.09939457231913948
20 0.3483273267101741
87 0.11784697905864032
32 0.23542641793721816
31 0.2496601951705387
489 0.042681744318921244
150 0.05220091125343074
554 0.03488375375673107
1 0.5026566535900098
0 0.4895338236270493
